obs1 <- c(-0.01, 1.39, 1.598, 0.383, -0.084, -0.475, -0.105, -1.062, 0.607, 0.539, 0.871, 0.45, -0.039, 1.256, 0.55, -0.333, -0.252, 1.187, -0.916, 0.677, -1.324, -1.773, 1.813, 0.023, -2.291, -1.361, 0.642, 0.249, -0.132, 1.345, 0.629, -1.274, 0.435, 0.043, 0.55, -0.465, 0.756, -0.396, -0.767, 1.348)
obs2 <- c(-0.78, -0.552, -0.027, 0.33, -0.964, 0.865, -0.112, 0.075, -0.392, 0.365, -1.738, 0.491, -0.245, 0.436, 0.016, -0.202, 1.322, 0.515, 0.333, -0.28, -0.843, 0.181, -0.284, -0.409, 0.542, 0.117, -0.194, -0.415, 1.362, 0.826, 1.099, -1.243, -0.265, -0.387, 0.901, 0.706, -0.353, -1.05, 0.081, -1.102, -2.705, -0.142, -0.608, 0.661, -0.616, 1.025, -1.384, 0.337, 1.14, 0.523, -0.662, 0.19, 1.468, 2.38, -0.351, -2.125, 1.141, 1.149, -0.448, 1.166, -0.269, -0.145, -1.319, -0.445, 0.34, -1.789, -0.626, -1.302, 2.441, -2.016, 0.333, -0.019, 0.457, -0.706, 0.236, 0.496, -0.02, -0.228, -1.756, -1.309, 0.564, 1.597, -0.172, -0.369, 0.478, -0.854, -0.52, -0.045, 1.654, 1.122, -0.155, 0.281, 0.205, 0.096, -2.303, -1.399, -0.877, -1.205, 0.02, 0.563)
obs3 <- c(0.673, -0.538, -0.703, -0.004, -1.395, -0.354, 0.415, 1.097, 0.74, 0.657, -0.759, 0.415, 2.094, -0.662, -0.161, 0.293, 0.057, -1.487, -1.822, 1.192, 2.186, -0.26, 0.453, -0.267, -0.049, -1.075, -0.959, -2.338, 0.512, 2.365, 0.56, -0.812, 0.363, -0.731, -0.644, -0.448, -0.024, -0.024, -1.133, -0.692, 1.233, 0.566, 1.109, -2.215, 0.494, 0.011, -2.785, -0.59, -0.895, -1.084, -0.848, -0.129, 1.132, -0.851, -0.419, -0.232, -0.789, -2.018, 1.302, -1.276, -0.592, 1.578, 0.474, -0.437, 0.3, 0.145, 0.263, -2.189, -0.265, -0.02, 0.85, 1.523, 0.938, 0.651, -1.866, -2.202, 0.083, -0.816, 1.082, 1.448, -1.563, -0.145, -1.168, 1.633, -0.472, 0.173, -1.592, 0.623, -0.674, -1.336, -0.059, 0.209, 0.152, -0.345, -0.686, 2.494, -0.616, 0.615, -0.718, 1.748, 0.011, -0.936, -0.196, 0.839, -0.099, 0.216, -0.036, -0.687, 1.126, -0.024, -0.239, 1.475, 1.548, -1.254, -1.513, 0.635, 0.482, 1.068, -0.814, 1.171, -0.509, -0.733, -0.32, 0.05, -0.359, -0.22, 0.269, 1.581, -0.967, 1.725, 0.322, -0.176, -0.655, 2.362, -0.004, -1.209, 0.622, -1.125, 1.767, -0.053, 0.066, 0.049, 0.45, 0.302, -0.172, -1.237, 0.072, -1.007, 0.312, -0.647, -0.759, 0.753, -1.179, 0.984, 1.947, -0.653, -0.34, -0.669, -0.066, -1.774, -1.409, -0.875, -0.225, -0.775, -0.657, 0.812, 2.278, 0.25, 1.206, -0.646, -0.693, -0.545, -1.44, -1.548, -0.924, 0.408, 1.135, 1.173, 1.472, -0.578, -0.04, 0.422, -0.214, 0.983, -1.605, -0.6, -0.641, -0.501, 0.795, 0.542, -1.471, 0.185, 0.504, 3.559, 0.487, 0.406, 0.318, 1.485, 0.217, 0.409, -0.005, -0.351, -0.932, 1.504, 0.528, -2.061, -1.405, -0.256, 2.293, 0.385, 0.363, 0.928, 1.455, -0.317, 0.804, -1.358, 1.137, -1.072, 0.015, -0.905, 1.768, -0.562, -1.268, 0.284, -0.952, -1.163, -0.352, 0.507, 0.194, 0.579, 0.345, 1.171, -1.009, 0.622, -1.311, 0.407, 0.277, -0.191, -1.417, 0.089, -1.607, 0.012, -1.355, 0.267, 2.723, -1.16, -2.613, 0.161, -0.371, -0.331, 0.726, 1.389, 1.111, -0.911, -0.74, -0.818, 1.667, 0.714, -0.262, 0.045, 0.009, -0.022, -0.508, -1.423, 0.229, 0.765, -0.549, 0.587, 0.183, -0.091, 0.501, 0.452, 1.927, -0.237, 0.697, 0.181, -1.044, 0.605, 1.178, 1.047, 1.405, 1.686, -0.382, 1.217, 0.499, 0.271, 0.662, 0.562, 0.528, 0.684, -0.751, 1.843, 1.063, -1.828, 1.345, 0.077, 0.943, 1.048, 1.637, -0.535, 0.664, 0.433, -0.559, -0.141, 0.663, 0.777, 1.442, -0.685, -0.451, 0.265, 0.727, -1.206, 0.339, -0.32, 0.079, -0.052, 0.097, 0.827, -2.121, 0.57, -2.563, 0.663, -1.115, 0.176, 0.786, 0.783, 1.068, -1.734, 1.255, 0.79, -0.721, -0.028, 0.514, -0.963, -2.052, -1.195, 0.091, 0.187, 0.61, -1.61, -0.066, 2.733, -0.853, -1.175, 1.079, -0.58, 0.033, 1.213, 0.367, -0.567, -0.107, 0.188, -0.091, -0.932, -0.11, -1.312, 0.968, 0.698, 1.089, 0.695, 1.309, 1.017, 0.677, 0.471, -1.524, -1.82, 0.256, 0.397, -0.489, 1.734, -0.297, 0.075, 0.533, 0.165, 0.814, -1.915, -0.332, 1.035, -0.858, 1.07, 0.532, -0.016, 1.932, -0.564, -0.018, -0.542, 1.048, 0.759, 1.575, -1.263, -0.667, -1.195, -0.179, 0.337, 0.257, 0.356, 0.375, -1.326, 0.509, 0.975)

hold1 <- hist(obs1, plot=FALSE)
hold2 <- hist(obs2, breaks=10, plot=FALSE)
hold3 <- hist(obs3, breaks=12, plot=FALSE)

library(openintro)
data(COL)

myPDF("normalExamples.pdf", 6.6, 4)


par(mfrow=c(2,3), las=1, mgp=c(2,.7,0), mar=c(3,0,1,1))

plot(0, 0, type='n', xlab='', ylab='', axes=F, main='',
	xlim=c(-3, 3), ylim=c(0,max(hold1$density)))
for(i in 1:length(hold1$counts)){
	rect(hold1$breaks[i], 0, hold1$breaks[i+1], hold1$density[i], col=COL[1])
}
axis(1, cex.axis=1.2)
M1  <- mean(obs1)
SD1 <- sd(obs1)
x <- seq(min(obs1)-2, max(obs1)+2, 0.01)
y <- dnorm(x, M1, SD1)
lines(x, y, lwd=1.5)

plot(0, 0, type='n', xlab='', ylab='', axes=F, main='',
	xlim=c(-3, 3), ylim=c(0,max(hold2$density)))
for(i in 1:length(hold2$counts)){
	rect(hold2$breaks[i], 0, hold2$breaks[i+1], hold2$density[i], col=COL[2])
}
axis(1, cex.axis=1.2)
M2  <- mean(obs2)
SD2 <- sd(obs2)
x <- seq(min(obs2)-2, max(obs2)+2, 0.01)
y <- dnorm(x, M2, SD2)
lines(x, y, lwd=1.5)

plot(0, 0, type='n', xlab='', ylab='', axes=F, main='',
	xlim=c(-3, 3), ylim=c(0,max(hold3$density)))
for(i in 1:length(hold3$counts)){
	rect(hold3$breaks[i], 0, hold3$breaks[i+1], hold3$density[i], col=COL[3])
}
axis(1, cex.axis=1.2)
M3  <- mean(obs3)
SD3 <- sd(obs3)
x <- seq(min(obs3)-2, max(obs3)+2, 0.01)
y <- dnorm(x, M3, SD3)
lines(x, y, lwd=1.5)

par(mar=c(3,2.85,1,2))
qqnorm(obs1, cex=0.7, main='', axes=F, ylab='observed', col=COL[1])
axis(1, cex.axis=1.2)
axis(2, cex.axis=1.2)
abline(M1, SD1)
qqnorm(obs2, cex=0.7, main='', axes=F, ylab='observed', col=COL[2])
axis(1, cex.axis=1.2)
axis(2, cex.axis=1.2)
abline(M2, SD2)
qqnorm(obs3, cex=0.7, main='', axes=F, ylab='observed', col="#B09A00")
axis(1, cex.axis=1.2)
axis(2, cex.axis=1.2)
abline(M3, SD3)

dev.off()